<?xml version="1.0"?>
<opencv_storage>
<intrinsic type_id="opencv-matrix">
  <rows>3</rows>
  <cols>3</cols>
  <dt>d</dt>
  <data>
    1.8298450010559857e+03 0. 9.0339684782954851e+02 0.
    1.8219139542290241e+03 5.1866359745506679e+02 0. 0. 1.</data></intrinsic>
<distortion type_id="opencv-matrix">
  <rows>1</rows>
  <cols>5</cols>
  <dt>d</dt>
  <data>
    -1.9327824679455624e-01 2.0132570387200907e-01
    -2.3167277510770085e-03 -6.0915640384905378e-03
    1.9028990707365179e-02</data></distortion>
</opencv_storage>
